Student Name,History,English,Math,Citizenship & Heritage,Economics,Account,Lit in English,Yoruba,Livestock,Data Processing,Marketing,Commerce,Government,CRS/IRS
ABDUSALAM ALIYAT,23 46 69,21 32 53,25 25 50,24 51 75,,,27 32 59,22 37 59,23 48 73,30 32 62,,,24 47 71,20 34 54
ADEMOLA OLUWA DARASIMI,18 49 67,19 50 69,25 40 65,24 56 80,,,27 42 70,18 48 66,16 44 59,30 38 65,,,,
AZEEZ WASILAT,16 31 47,25 27 82,23 28 51,22 47 69,,25 44 69,,20 31 31,25 39 64,30 50 86,30 48 78,,26 43 69
IBHANDRE MIRACLE,30 40 70,23 45 68,25 38 63,22 29 31,,,,,,,,,
JEWOOLA BOLUWATIFE,30 50 70,23 40 60,25 40 69,25 64 86,,28 44 72,28 41 69,23 18 41,25 52 78,30 64 88,,,26 36 62,22 36 58
MATTHEW GLORY,18 44 62,17 35 52,25 42 67,23 49 72,,,,,,,,,
MOFF IFEOMA,25 32 57,17 23 35,25 35 60,23 21 44,,,26 25 51,24 37 58,15 25 27,15 28 43,,,26 53 87,24 24 48
MUAEKE MARYAM,22 47 69,12 40 20,25 35 60,23 62 75,,,28 43 71,16 12 28,15 58 73,25 42 67,,,,
OSUNUBI GBOLOHUN,10 24 34,10 24 34,25 25 50,20 40 60,,,25 25 50,11 20 31,15 35 50,20 22 45,,,5 18 23,20 40 60
IPADEOLA IDRIS,14 12 26,14 12 26,25 23 48,20 25 49,15 18 33,14 18 32,,,15 35 50,10 28 38,20 25 45,15 - 15,,
LAWAL GABRIEL,25 50 75,17 27 44,25 22 47,22 47 69,,,26 28 54,16 34 48,15 36 51,25 30 55,,,28 40 68,19 33 52
SHOBO WALE ISAAC,23 54 77,23 54 77,25 37 60,22 60 82,30 58 88,30 36 66,,,,,,,,
SHOKOYA SAMUEL,15 22 43,15 22 43,26 24 43,26 59 85,,17 20 37,17 20 37,15 33 48,25 38 63,15 33 48,30 51 81,30 50 80,24 55 82,19 36 55
ZULUKAHEEN ROKEES,20 39 59,16 24 40,25 30 55,22 35 57,,,,,,,,,
AGBOOLA DANIEL,25 52 73,18 31 49,25 30 55,22 43 65,,,27 35 62,20 36 57,20 31 51,20 31 51,,,,
ABISOYE DEBORAH GOLD,18 47 65,17 24 41,25 34 59,22 32 54,,,26 27 53,15 37 52,15 35 50,20 35 55,,,,
ADEBAYO JOSIAH,20 41 61,19 30 49,25 22 47,23 54 77,,,29 30 57,25 39 64,25 44 69,30 34 64,,,24 34 58,23 44 67
ADENIYI GBOLAHAN,18 18 43,18 18 43,28 29 49,22 24 46,15 37 53,16 14 30,,,20 25 45,20 19 39,15 37 52,20 39 59,,
BAKARE BOLATI,13 19 32,13 19 32,25 22 47,25 28 48,,,29 32 59,10 26 36,25 44 69,30 34 64,,,24 34 58,23 44 67
CHUKWU SAMUEL,14 19 33,25 30 55,24 35 59,24 35 59,,,,20 12 32,30 33 63,25 32 57,23 29 50,,
EDUNIYI GIDEON,20 39 57,23,,25 15 40,23 35 58,,,27 33 60,15 18 33,15 15 30,20 21 41,,,24 44 68,18 29 47
EYENIA NOAH,16 18 34,25 19 42,20 33 53,20 33 53,18 24 42,16 24 40,,,20 41 61,30 34 64,25 31 56,25 32 57,,
CHEGE SUNDAY,,10 19 30,28 30 45,20 40 50,20 34 54,18 31 49,,,20 41 61,30 34 64,20 48 68,12 31 43,,
OLADEJI AL-AMEEN,20 43 63,15 28 34,28 30 55,23 55 78,20 34 54,18 31 49,,,25 31 56,,20 48 68,12 31 43,,
OKAFOR IJECOMA,20 36 56,25 30 55,22 29 51,22 29 51,19 29 46,22 35 57,,16 12 28,20 23 43,30 37 67,25 45 70,30 46 76,,
OSIBA TEMILOLUWA,25 37 62,16 40 56,25 42 67,25 49 99,,,28 40 69,22 24 46,,,,,,
OYEBOGE PRECIOUS,20 52 72,13 43 56,25 38 63,23 52 75,,,20 48 68,15 54 69,25 45 70,25 39 64,,,27 43 70,25 49 74
SOLAIMON AISHAT,24 48 72,16 45 61,25 51 76,24 46 68,,,28 40 68,26 51 77,20 42 62,25 43 68,,,20 33 53,19 27 46
PETER GODWIN,23 37 60,15 23 38,25 23 48,26 45 65,28 40 68,18 43 58,28 40 68,18 15 33,25 35 50,25 29 54,,,,